=== TreapTest ===
Starting Test Driver
shuffled=[0, 7, 14, 21, 28, 5, 12, 19, 26, 3, 10, 17, 24, 1, 8, 15, 22, 29, 6, 13, 20, 27, 4, 11, 18, 25, 2, 9, 16, 23]
sorted=[0, 1, 2, 3, 4, 5, 6, 7, 8, 9, 10, 11, 12, 13, 14, 15, 16, 17, 18, 19, 20, 21, 22, 23, 24, 25, 26, 27, 28, 29]
test_perf (n=1000000)
 from_iter: 1.376563 seconds
 to_array: 0.223308 seconds
 remove: 1.010780 seconds
SUCCESS: 2 FAIL: 0 TIME: 2.593 sec
=== Treap2Test ===
Starting Test Driver
shuffled=[0, 7, 14, 21, 28, 5, 12, 19, 26, 3, 10, 17, 24, 1, 8, 15, 22, 29, 6, 13, 20, 27, 4, 11, 18, 25, 2, 9, 16, 23]
sorted=[0, 1, 2, 3, 4, 5, 6, 7, 8, 9, 10, 11, 12, 13, 14, 15, 16, 17, 18, 19, 20, 21, 22, 23, 24, 25, 26, 27, 28, 29]
test_perf (n=1000000)
 from_iter: 3.464679 seconds
 to_array: 0.249030 seconds
 remove: 2.371044 seconds
SUCCESS: 7 FAIL: 0 TIME: 7.015 sec
=== Treap3Test ===
Starting Test Driver
shuffled=[0, 7, 14, 21, 28, 5, 12, 19, 26, 3, 10, 17, 24, 1, 8, 15, 22, 29, 6, 13, 20, 27, 4, 11, 18, 25, 2, 9, 16, 23]
sorted=[0, 1, 2, 3, 4, 5, 6, 7, 8, 9, 10, 11, 12, 13, 14, 15, 16, 17, 18, 19, 20, 21, 22, 23, 24, 25, 26, 27, 28, 29]
test_perf (n=1000000)
 from_iter: 1.338589 seconds
 to_array: 0.209043 seconds
 remove: 0.967003 seconds
SUCCESS: 2 FAIL: 0 TIME: 2.495 sec
