=== TreapTest ===
Starting Test Driver
shuffled=[0, 7, 14, 21, 28, 5, 12, 19, 26, 3, 10, 17, 24, 1, 8, 15, 22, 29, 6, 13, 20, 27, 4, 11, 18, 25, 2, 9, 16, 23]
sorted=[0, 1, 2, 3, 4, 5, 6, 7, 8, 9, 10, 11, 12, 13, 14, 15, 16, 17, 18, 19, 20, 21, 22, 23, 24, 25, 26, 27, 28, 29]
test_perf (n=1000000)
 from_iter: 1.408484 seconds
 to_array: 0.214106 seconds
 remove: 1.001720 seconds
SUCCESS: 2 FAIL: 0 TIME: 2.443 sec
=== Treap2Test ===
Starting Test Driver
shuffled=[0, 7, 14, 21, 28, 5, 12, 19, 26, 3, 10, 17, 24, 1, 8, 15, 22, 29, 6, 13, 20, 27, 4, 11, 18, 25, 2, 9, 16, 23]
sorted=[0, 1, 2, 3, 4, 5, 6, 7, 8, 9, 10, 11, 12, 13, 14, 15, 16, 17, 18, 19, 20, 21, 22, 23, 24, 25, 26, 27, 28, 29]
test_perf (n=1000000)
 from_iter: 2.889333 seconds
 to_array: 0.260073 seconds
 remove: 1.801740 seconds
SUCCESS: 7 FAIL: 0 TIME: 4.802 sec
=== Treap3Test ===
Starting Test Driver
shuffled=[0, 7, 14, 21, 28, 5, 12, 19, 26, 3, 10, 17, 24, 1, 8, 15, 22, 29, 6, 13, 20, 27, 4, 11, 18, 25, 2, 9, 16, 23]
sorted=[0, 1, 2, 3, 4, 5, 6, 7, 8, 9, 10, 11, 12, 13, 14, 15, 16, 17, 18, 19, 20, 21, 22, 23, 24, 25, 26, 27, 28, 29]
test_perf (n=1000000)
 from_iter: 1.371900 seconds
 to_array: 0.209913 seconds
 remove: 1.007522 seconds
SUCCESS: 2 FAIL: 0 TIME: 2.535 sec
