=== TreapTest ===
Starting Test Driver
shuffled=[0, 7, 14, 21, 28, 5, 12, 19, 26, 3, 10, 17, 24, 1, 8, 15, 22, 29, 6, 13, 20, 27, 4, 11, 18, 25, 2, 9, 16, 23]
sorted=[0, 1, 2, 3, 4, 5, 6, 7, 8, 9, 10, 11, 12, 13, 14, 15, 16, 17, 18, 19, 20, 21, 22, 23, 24, 25, 26, 27, 28, 29]
test_perf (n=1000000)
 from_iter: 1.043389 seconds
 to_array: 0.210956 seconds
 remove: 0.989705 seconds
SUCCESS: 2 FAIL: 0 TIME: 2.201 sec
=== Treap2Test ===
Starting Test Driver
shuffled=[0, 7, 14, 21, 28, 5, 12, 19, 26, 3, 10, 17, 24, 1, 8, 15, 22, 29, 6, 13, 20, 27, 4, 11, 18, 25, 2, 9, 16, 23]
sorted=[0, 1, 2, 3, 4, 5, 6, 7, 8, 9, 10, 11, 12, 13, 14, 15, 16, 17, 18, 19, 20, 21, 22, 23, 24, 25, 26, 27, 28, 29]
test_perf (n=1000000)
 from_iter: 2.898692 seconds
 to_array: 0.250057 seconds
 remove: 1.901416 seconds
SUCCESS: 7 FAIL: 0 TIME: 4.889 sec
=== Treap3Test ===
Starting Test Driver
shuffled=[0, 7, 14, 21, 28, 5, 12, 19, 26, 3, 10, 17, 24, 1, 8, 15, 22, 29, 6, 13, 20, 27, 4, 11, 18, 25, 2, 9, 16, 23]
sorted=[0, 1, 2, 3, 4, 5, 6, 7, 8, 9, 10, 11, 12, 13, 14, 15, 16, 17, 18, 19, 20, 21, 22, 23, 24, 25, 26, 27, 28, 29]
test_perf (n=1000000)
 from_iter: 1.413480 seconds
 to_array: 0.210162 seconds
 remove: 0.993867 seconds
SUCCESS: 2 FAIL: 0 TIME: 2.565 sec
